# oST version 5.0 parameters


[image]

width
1280

height
1024

[narrow_stereo]

camera matrix
3000.265436 0.000000 574.548784
0.000000 3014.185500 467.621659
0.000000 0.000000 1.000000

distortion
0.197811 -2.498293 -0.009505 -0.010302 0.000000

rectification
1.000000 0.000000 0.000000
0.000000 1.000000 0.000000
0.000000 0.000000 1.000000

projection
3009.654297 0.000000 568.957262 0.000000
0.000000 3029.697266 463.796039 0.000000
0.000000 0.000000 1.000000 0.000000
