image_width: 1280
image_height: 1024
camera_name: camera_left
camera_matrix:
  rows: 3
  cols: 3
  data: [2977.65674,    0.     ,  767.91389,
            0.     , 2990.18838,  416.34739,
            0.     ,    0.     ,    1.     ]
distortion_model: plumb_bob
distortion_coefficients:
  rows: 1
  cols: 5
  data: [0.125018, -1.499615, -0.015440, 0.020464, 0.000000]
rectification_matrix:
  rows: 3
  cols: 3
  data: [ 0.970122  ,  0.00609639,  0.242541  ,
         -0.0053244 ,  0.99997846, -0.00383829,
         -0.24255917,  0.00243222,  0.97013356]
projection_matrix:
  rows: 3
  cols: 4
  data: [77743.38307,     0.     ,   851.48725,     0.     ,
             0.     , 77743.38307,   419.35562,     0.     ,
             0.     ,     0.     ,     1.     ,     0.     ]
