# oST version 5.0 parameters


[image]

width
1280

height
1024

[narrow_stereo/left]

camera matrix
2977.656741 0.000000 767.913886
0.000000 2990.188375 416.347388
0.000000 0.000000 1.000000

distortion
0.125018 -1.499615 -0.015440 0.020464 0.000000

rectification
0.970122 0.006096 0.242541
-0.005324 0.999978 -0.003838
-0.242559 0.002432 0.970134

projection
77743.383073 0.000000 851.487248 0.000000
0.000000 77743.383073 419.355621 0.000000
0.000000 0.000000 1.000000 0.000000
# oST version 5.0 parameters


[image]

width
1280

height
1024

[narrow_stereo/right]

camera matrix
3074.241500 0.000000 498.156536
0.000000 3087.294380 436.705439
0.000000 0.000000 1.000000

distortion
0.068181 -0.226191 -0.012888 -0.018349 0.000000

rectification
0.932156 -0.007481 -0.361979
0.008644 0.999961 0.001595
0.361953 -0.004615 0.932185

projection
77743.383073 0.000000 851.487248 -11692.246235
0.000000 77743.383073 419.355621 0.000000
0.000000 0.000000 1.000000 0.000000
