# oST version 5.0 parameters


[image]

width
1280

height
1024

[narrow_stereo/left]

camera matrix
3074.673089 0.000000 807.420964
0.000000 2822.674859 746.096396
0.000000 0.000000 1.000000

distortion
-0.131984 1.663199 0.007748 0.071522 0.000000

rectification
0.974016 -0.014504 0.226013
-0.001500 0.997512 0.070478
-0.226473 -0.068986 0.971571

projection
24600.817807 0.000000 1059.090551 0.000000
0.000000 24600.817807 553.369942 0.000000
0.000000 0.000000 1.000000 0.000000
# oST version 5.0 parameters


[image]

width
1280

height
1024

[narrow_stereo/right]

camera matrix
3029.708607 0.000000 726.454570
0.000000 3018.779852 336.854165
0.000000 0.000000 1.000000

distortion
-0.377719 5.188243 -0.011114 0.009608 0.000000

rectification
0.926806 -0.028044 -0.374493
0.001193 0.997423 -0.071741
0.375539 0.066043 0.924450

projection
24600.817807 0.000000 1059.090551 -10176.322514
0.000000 24600.817807 553.369942 0.000000
0.000000 0.000000 1.000000 0.000000
