image_width: 1280
image_height: 1024
camera_name: narrow_stereo/right
camera_matrix:
  rows: 3
  cols: 3
  data: [3029.70861,    0.     ,  726.45457,
            0.     , 3018.77985,  336.85417,
            0.     ,    0.     ,    1.     ]
distortion_model: plumb_bob
distortion_coefficients:
  rows: 1
  cols: 5
  data: [-0.377719, 5.188243, -0.011114, 0.009608, 0.000000]
rectification_matrix:
  rows: 3
  cols: 3
  data: [ 0.92680573, -0.02804447, -0.37449251,
          0.00119319,  0.99742261, -0.07174065,
          0.37553922,  0.06604281,  0.92445045]
projection_matrix:
  rows: 3
  cols: 4
  data: [ 24600.81781,      0.     ,   1059.09055, -10176.32251,
              0.     ,  24600.81781,    553.36994,      0.     ,
              0.     ,      0.     ,      1.     ,      0.     ]
