# oST version 5.0 parameters


[image]

width
1280

height
1024

[narrow_stereo]

camera matrix
3031.764859 0.000000 817.756499
0.000000 3030.894334 477.998190
0.000000 0.000000 1.000000

distortion
0.036956 0.040273 -0.002454 0.025677 0.000000

rectification
1.000000 0.000000 0.000000
0.000000 1.000000 0.000000
0.000000 0.000000 1.000000

projection
3013.576416 0.000000 827.781619 0.000000
0.000000 3056.712891 476.821987 0.000000
0.000000 0.000000 1.000000 0.000000
