# oST version 5.0 parameters


[image]

width
1280

height
1024

[narrow_stereo/left]

camera matrix
2930.598726 0.000000 589.139779
0.000000 2914.238663 535.866921
0.000000 0.000000 1.000000

distortion
-0.168118 2.930440 -0.005312 -0.008437 0.000000

rectification
0.989291 -0.002258 0.145939
-0.000264 0.999851 0.017258
-0.145957 -0.017112 0.989143

projection
20317.516481 0.000000 999.610502 0.000000
0.000000 20317.516481 481.150414 0.000000
0.000000 0.000000 1.000000 0.000000
# oST version 5.0 parameters


[image]

width
1280

height
1024

[narrow_stereo/right]

camera matrix
3115.663516 0.000000 725.119972
0.000000 3096.121121 430.741638
0.000000 0.000000 1.000000

distortion
0.219668 -3.240523 -0.013558 0.013785 0.000000

rectification
0.940850 -0.012614 -0.338590
0.006689 0.999804 -0.018659
0.338759 0.015290 0.940749

projection
20317.516481 0.000000 999.610502 -3113.737548
0.000000 20317.516481 481.150414 0.000000
0.000000 0.000000 1.000000 0.000000
